1. 1166661616161. 595

0661116116 diet. 66866 9616166 6661611· 16 06616666 91666601616161616 11. 691.
8669 6166 448 (18181. 182 1284),185(1286).
-, 06616 66866161, 81111661 188 (18691. 0116 666601166611666101116666016)
145 (1244). 6661611· 16 0661666661616 67 (1197).
--86116616661111611616 157 (12581 - 66 011166611 124 (1227).
- 86116 270 (1280). 278 (1289). 06616666, 0116166116 6601116 37 (1179).
-861161661, 1666616, 611. Ekkehartsberg 48 (11881.
063616666066 86166 (8611111611) 6111142-,0116ἐ1616116866027ᾘ18116161611.6616616.
(1242). 86661666, 8666166618411286). 186
066166116 8161616616 805 (1295). (12601, 188 (12611 257.
- 81661616 6166661616 854 (1802). (1611111616611116.Β11166616116.11616-
0116166116 816161611611 1111616. 267 (1279). ricus.
06616666 668661666661661111 6661611. 16 06616666 66 0611666611 71 (11991.
06161166 280 (12891. 284 1(2001. - 0161 (061161 246 (12721.
0116166116 66 81111611 691. 611. 0116661111. 06616661 diet. 06116· 16 8606161666 11.
260 (12771 208 (12921) 691 481 (16161 484 (11916 6661611. 496.
0661116116, 0661666666 6661616666. 691 494 (18.271
123ιι (11219181 1ἁ65111266).Γοά L 246 fimes} Hel-mannus. Theodericus
(1211112265Β (1378)annon e ml -616176771116 1611, castrensium Bodel·
* 66 6666616666961 666..271(12821 61616 512. 518 (1889).
80511295). 820.821(12981824(12991.9111111Τ66ο66116116.
859 (1802). 1482. 484. fratrea: 1161666661. 01116116.
96161111 Porta tumulatus 324. — 6112116166 (11 41011812).
91111 0666666666. 0661116116 Ecken· 066166116 66616161. 691661111666111177
bertus mon. Port. (12041. 80 ξ(1205)
910181166661111601111666611116) 116111.- 616116116 166166.
advocatus: Η61611611666Η6111611666, -1611, 00 (12201.
- 666.6616.16Τ6661666 44008171. 482 -6116161, 126. 1791. 0116116116.
(18251 488 (1826. 484 (18261. - 1116661’6616Μ1666661609112181
9611161 661166 11116 11161 Ρο11, 61. Οο616611611161.161111661666111426(1815).
„ 6616 16 Τ6661666 440 (1817). 482 -.1661 16 86966 288 (1291).
(18251. 488 (18261. - 11161. 16 0661166616 808 (12941.
0116116116 Τ66166, ’16616666 215 (12681. 0116166116 661111. 66 Μ6611661666 550190).
284 (1271). 240 (12711. - (60161111.1111’16116161.2114(11441
0661666661.Η616116166Τ1166616(1)611110666161110666166116, 0666166116661128.
6618116 (1297161116161666116.
0611166116 frat. Heinn'ei pino 66 ’1111666 0666166 1066166116.
6611 145 (1244). 06611, 0666, 066611, 0666871. 424. 425.
11611111Η616116116. 6116611116 pino 427. 428. 447.
66 8116116. 861161661660. 6116161116 0666616166
50 111ξά16111 θ181ν ((3888) 18? (1260). co ἕθ611ὶέ1161ἒ60660 6116161116 0616161616
n u m r 6
- 06116 11. 1191. 1161611. 16 8611616661 pssertolduso
871 (1804), 487 (1817). 526 (1814 06166166568. ’
027. 0616166666161. 061169.
μ 66 0616616 1611. 487 (18271 0616611661 1. 0616611661.
0116166116 61 06166611 burg. 811616. 98 0611166619 16. (1110666611.
(1212 06166111, ΓΡ11616611 497. 5820.
- 66 16111116161.Β1116616186(61221), ,76666666 1666. Ρ611.
Β1116661116210. Κ616616, 11616166.Κο1661
91·.· 1161616 520
· - 66 0116666619 186 (1287). 091. 210. Μ61161616 Κ
filiun.- Η6111116116. Κ61111111616, 0616611661
,- 66 06661666 u 691. 1611. 210( (,1267) 061116116111661166166.
28202711. 0611691061616661161601 182.
,ο 66 0161111(711616111246(12721 666161Η6161611666.

 

