1. umorem. 661

(1611161066 06 0666. Η6106611666
Ε16611101. 1161661666666 81660666.
Η61661666666 06 [ansegaudus. Hey-
ecmannus 06 Melior. 1161611666 Leys·
666. 1166116116 Ρ666. Η616116116 6661-
teti, antiqui sculteti. Η611666666 06
Men, Aquis. Hermaunus 06 11161161.
Johannes 81661166. Ι16566666 (11666.
J ohannes Papa. J ohannes 111166. Jo-
566666061916661616. Ρ61166 06 111166.
PetrusBreitfuz,PetrusdeForo.Petms
86616. Ρ61166 06 1716666165, 81111066
Stacionarius. Theodericus Pa a. Thil-
mannus Papa. waltherus ’666611
wikerus 06861166. 0661668169·
111666. . ,Η611616616166

poilliaco (Pomorum) r‘nNsoenburp:

611116.

8161116611 66616616, scol. 1615606016,
6161616661, episcopatus, episcopi 1.
2. 4. 7, 10. 12. 14, 14. 15171920.
21. 22. 23. 24. 29. 80. 82. 99. 8640.
41. 44. 53. 60. 69. 89. 75. 76. 77. 79.
84. 100. 101. 104. 108. 1112199140.
148. 153. 167. 181. 212. 218. 219222.
247. 256, 257. 268. 277. 298. 908. 909.
809. 911. 819. 814. 915. 821. 929. 844.
845. 957. 858. 860. 861. 892. 969. 864.
987. 890, 991. 992. 898. 995. 898. 899.
401, 409. 400. 407. 408. 409. 409. 412.
415. 416. 417. 467. 468. 480. 496. 497.
509. 507. 517. 529. 580. 580. 590. 591.
581. 582. 539. 538. 594. 534. 534, 584.
594. 595. 585. 585. 585. 595. 585596.
596. 597. 538. 588 599. 589. 589. 540.
541. 541. 547. 550. 552. 558, 556. 558.
558. 560. 561. 568. 564. 564, 565.

01666616 1769. 7598128. 129. 192.
140. 149. 151. 152. 155. 156157. 158.
161. 101. 164. 165. 166168170172.
174. 192. 211. 215. 222. 232, 238. 235.
297. 248. 257. 268. 270. 2969288110.
943. 944. 977. 404. 442. 459. 462. 464.
465. 406. 472. 478. 507. 517.

666606670. 143 540. 547, 552.
661566611Β61161066Βο116106681666.

Engelhardus. Heinricus. Meinherus. ,

Theodericus. Udo. Udo. 11111666, Wich·
mannus. Wythigo.

66601616166 spineo i 79.

6666116666· episc: ridcn‘ous7 Hein-
⁸ricohuudeleberis. 1161611666068656161-
6616611 16156116( 06 8161611611. Η616·
ricus 0616665616. ,16566666 06 06661-
61616 (paciemur.)

6616661961 066160661161. 1516161161
marro.

marscalci: 1161661666 Η61611666 1161
(1661601 comer.
praesumeremus.
6066661661111616116166,
6111616166 episcopi 154.
familia episcopi 898.
ministmoles: (11561166 06 Droizc.
Albertos 06 (116516. 8611161066 06
(116511. Bodo 06 Ruthleifisberg. Gum-
1166. GuathenrsdeBunorre. Hein-
6611666 06 Zancheuberch. Heinrious.
Η616116116 06 [1661666611. H 06
Hoikcuwalt. Hugo 06 1161516196 r.
1616561016116111666. 8616561066116
Μ1661116. 8616561066 06 816616. Ru·
061166 06 Β66666
0661161616, canonici 5. 17. 18. 21. 29.
90. 45. 09. 79. 80. 86. 101. 108143.
181. 229. 247. 270. 277. 298810. 814.
929. 944. 844. 845. 845. 857. 959. 987.
887. 890. 994. 996. 999. 400. 408. 416.
416. 417. 417. 467. 488. 480. 480. 507.
518. 535. 541. 558. 559. 565,
Κ666611616166 dee Kapitels 564.
1166661161566.
KurieaderDomhorren u. 9116111565.
canonicorum agri 16 oua maiori,
can. 666 959. 400.
maiores 66616616, decanus 66111661,
6166661166 et 6661666666 15.
prepositura 958. 881.
prepositi: Bertoldus, Β61161166, Β61-
16161166. 81666. 0116160116. 06616066
Η611666666. [rudolfus. Meiuherus.
0116. 1165606. Theodericus. Theo·
0611666. 11111666. . ,438
decanus 452.
decom: 06616066. 0666666066.
11615606. 116111666666. 1161611666.
Η616166666 06 8161665616. Euge.
Ludewicus.Petrus.Thsoderious.'I1reo-
0611666 06 (1111661666. 11111666.
6165101666666498.
(616111οὼ6616661661160116.
6661661961Η6161166606410665616.
6661616156161166. 0116 06 16066166.
capellani.- Bsrtoldus. Fn'dcricus (ob
capell. 661666 11)
cellerarii.- lbertus. Kuuemundus.
chricus. Hugo. Siboto.
custodia 858. 999. 407.
custos 545.
666160661566616111181661110665161-
661666811061166686165610661606-
wicus. Walrenrs.
66661166. 1566666611.- Otto meg.

 

