610 Urkundenbuch (166 1116616611 916116.

1166116611, 86666 666, Η61611666, 91166 6661. ((16 6661166111) 95 (12101.
Δ 6,.1166166069. 1161166.9116666613191666166166,9166666οι3,
enricus doV.‚ fil. 8616661111. 9166666166, 9166661116, -,66166 -613,6
9661166 12. 34. 1916666661, Wizenbur 139. 6116016
titulun 6661 6 91111116 Rome. 64. 72. 1. 193. 261. ,383. 384.
9661, 96616, 966166. 96616. 66616116611116616616661116111166666
9166666 6. 91311666 (16 3666161616.
916666611666 981157. 199. 244. 1161611666 (31637) 16 V.
31661166 9661166661 1116366661116111661111 666.
9116111.[1(1616661666,Ι1(1666661666(169.
(1161116166 om. V burg. 9116111 91160111 490.
(161616616601911611.911661.ε Albertus V. 666. 9611.

— 911111 civ Erford 9111666616, ·,66166 -3661 69116666613
961666669166116161616666911613. Ἑ]61111113611,9161111113666 9166616366.
91661166166663166.Ρ16666116661221122619161611131(- Η611661116111023.

91666661666.9116666663.9111116 43186. 202.
916666666 6. 91311666 (1611166166 9.
9166666613 6 9116666613. Theodericus V.
Viennensis 93 966161636619161616 6, 9161616316,
91666Ῥὲ6669ᾝὲῗὼ D. 66. 19661161 95 6101131111 e 3186θη wlffim 11ιὶὶέ 11616.
9166166ιά69. 1598.196661616332.101 108. 133.147.148
91366666, 9136666669 187. 237. 243. 244. 254. 280. 261. 310.
ivffiu 666611611661631166613. 66 {ffb 676 399. 471. 473. 480. 911.
un
911611166911666166. 90116666. villa 101. 399.
91116931166161661 ville 148.
Monachus (169. 16611616, iudicium 147. 243. 244.
’ Vincentius 611166016661166616 94 112101. 3166316 92.
91666( 91666, 91666 mons 12. 13. 29. 6116111661 (9611) 16 F.147.
336283. 6611661696 9. 9666661616 243.
nemus 1966336636 16 9. 12. 3166361166 (169. 133.
3166311116 ., possess. V. 29. 33. · 66616616 373.
62. 63. plebanus 375.
91666 41 plebanus: Petrus.
9166616606Β16616666137.11111116166116161166 rust. 147. 480.
9111111666 9166666,916666666,9166666, scultetus 480.
thh tyn: mmm 1-9. mm& ffi2⁸isuonburg 1161
yonam 611. D. 11161691 od. D. V. 310.
99111116616·1661666666 mo. mr 126. Albertus (16 F. mil. Ι
127. 131. 152. 173, 177. 186. 190. 203. 0661111161 (16 9. 316311616666619611.
204. 207. 208. 256. 269. 270. 325, 06616066 (169. 6661. Port
1116616 (16 9. 9616116116 (169. 11619611
1116611116 (16 V. 91636166 mansus 487. 3 1163116.
3161611166 (16 V. 9166661166 666160616666616 65111961.
siboto do V. mil. ---“Δ61 16 1166666 536 (11751.
Theodericus (16916661 meltiadem) mon. Port. 73 (12021.
91166616 locus Polou. 94. 9161111616, 9161616166. 9161616111.
916666613430. 9163166613143.
Gerhgardus (16 V. mil. Hontieus (169. om. 61616661.
9611666666. 9166616666. 9161611101, 91661616, 9161611616, ῑ
69116116 34. stete, 9111161616 D 66. 11116916 1112.
6661 1. 916111111166116611666. 262263. 301 327. 426. 441. 490 52).
911616 (16 Μ611616 395 113061. vinea 301.
viterbo: 9116161661223, 545549, 6166131661 36666666.
9116116693. 16666611611161611666.
1161111666 (16 V. 3166116606 V.

 

