1. Neuisuregistsr. 696

379. 339. 336. 387. 393. 424. 437. 445. 3151155655 domnus, 1551. 515555155 05115
468. 469. 476, 499. 593. 516, 522. 542. dom. Pauline 258 112751.
6151515151, 35515155 3. 355. 598. - 65 1151555555 153 112591.
castrum lantgravii 261. 271. 469. 542. trater: Hu
districtus castri 355. 466. 3115555655 6516555555151199112201.
castellani, 5559515551 Achilles. 315115565531555555655653551511155555)
hiberius de 3565615555111555155 55 (11991. 59 111941. .
653155151505555655125155512 see. (15(155555111112191.112112291.
3516511555 (15115. Η5151155511 sn· 1551555 Theodericus.
65511. 1151551555 65 sconenberg. 3555555655,31555165565(155555174
Theodericus de Iaesten. 112561. 115 112561. 294 112661. 298
advocati, 516515155511151511265285. 112661, mil. 269 112891.
516. 555155 lohannes
561555105551515655656151555- 1151551Τ555655155515511.653.·
heym. (1511511655. 35555655 65 (1555551565 5111151115
2816645111661115,ΜΕΝΒ de boehm· 3661161663,51315(115311666115 (15·1155111555
5515515555. 15651.5111,,5551511. 15 1155111555 238
515551555515515261271344379,112711276112871.
380. trater: 3511516115.
5155515511,15555555515.· (15555655 -651115515555515195112151.
35115. (1511155555. trater: 0115.
0115 Koite 111 315153515555565565 3515555115 74 112931.
555151555511111511655.115511555.6565155515511155555.,
35551555, Heinrieus. 3555155555. - 6535551151. 35555551 189 1126312113.
115651155.Τ55565515115. 255556155552 125. miter 3555115555
Christianus 65 E. 65 Salus 11. 6512155555.
0555555655 (15 3., 1111115.- 355555655 65 3155115565 146 11247).
— 653. 555. 3515555655 65 315515565 436.
3555555155, 315555155311555515535115- 3555555655, 3115551655 65 35155, 35115
bertus 5155355155555112 112291. 5111. 215 112681 392 (1293).
113 (12281. 132 1123418135 112361. 35555655, 3511551, 3515555655 315-
Ekkeherulsp prepos 15 2555155151 ‘ll hardus, Elkehsrdus 65 35155 11. 651
11199). mil 34611201) 346113911347113911
3155551155 65 Quedelsebo 499 113281. 365 (15031. 366 (13931379 113941. 371
3515555655 65 Τ555565 ,1.35555551155. 113941 335 113951. 335 113951. 335
3551155655, 3111511556 5 5155 Μ55555515.113951.336 113051. 431 113161. 434
195. 196 (12161. 1549112251. 559 (12251. 118161432113251483113261.517113141.
55211239111111151166551555
3555555655, 3155155655, Ekkehardus 3115551655 65 3551555555 (sunam)
{iiiiii} 51311194111311135115 1616661655. 3513166666111. 1111551551 65 121115151515
59 (1194) 72 1.12991 7411293151 repo 5 555. 28911291).
(15515515 59. 7274381129819711211011. 155155519115155155.11511551555.Ι.565-
35555655, 3155555655 pleb. 15 3555115555 151555
(1.651(Ι15551155555) 327 (1299). 471 315555565521156155555155, Windishmen
116613ιῇ55 515155 51555535551516 144 iiiiiilJeoel port in Theiuiz m 2¹8
112441. 161111Ηεί55555.51555155555.2555-
--.(155 35551516. 113 112261. 14411244). 6551555.
--65 Bibere 1115535151516112112291. 315555655155131555511155.5511111565
11311229).12155555127112291. 139 112331.
-555 51151, 5155 Hersleld 14411244). 315555555151511311555555155555.655
356511Ἧ66, ffirdliisndg ε1236656776 651 35163130161611111565555693111ἒ6115351551
1555.Ρο51. 432 113161. 489 113271 562 (13111 -
490 (1327). 3515515611 35151155515651). 515. 06515515
3515555655155555,15511.Ρ551,43411316). 15555555 653. eenv Pori 149

 

